0.792405961675
0.700538687905
[[6129 1150   90   78   11]
 [  71 9146  451   23   20]
 [ 215  362 1828   14    2]
 [   0 1652   74  721  107]
 [   0  350    3    7   40]]


3.4871483129693805 0.2634024775690921 0.2107869081061044 0.14123220577154308 0.2757586052980172 0.21593653489483092 
Loss after iteration 0: 0.073843
0.1290760352266258 0.19065268373367705 0.10177826982132296 0.15553183462487163 0.1526868496404213 0.08649584423875697 
Loss after iteration 1: 0.154483
0.794224627395
0.742639635388
[[6003 1418   37    0    0]
 [  54 9416  185   37   19]
 [ 184  512 1706   17    2]
 [   0 1703   18  743   90]
 [   0  353    2    8   37]]

